*PARAMETER
num-dim: 2
*MATPROP
b-plane-strain: 1
young's-modulus: 30000000.0
poisson's-ratio: 0.3
*NODE
num-node: 444
nodal-coord:
0.000000 -2.000000
0.000000 2.000000
60.000000 -3.000000
60.000000 3.000000
60.000000 0.000000
0.000000 0.000000
0.774618 -2.013191
0.000000 -1.075406
0.000000 1.315738
-0.000000 0.637761
0.852615 2.014491
1.646434 -2.027724
1.013256 -1.229270
1.585621 -0.410653
1.029412 0.382001
0.886615 1.192576
1.658914 2.027932
2.527031 -2.042403
2.005130 -1.205778
0.669805 -0.444261
2.034722 0.384766
1.747013 1.186983
2.469880 2.041450
3.413969 -2.057188
2.975900 -1.216279
2.540693 -0.407422
3.020164 0.394546
2.653560 1.200104
3.307346 2.055411
4.293206 -2.071845
3.935105 -1.226011
3.495916 -0.410429
3.987078 0.400504
3.581660 1.214105
4.170379 2.069797
5.153438 -2.086184
4.889008 -1.237397
4.448120 -0.414825
4.940291 0.403711
4.513702 1.227620
5.051709 2.084489
5.983656 -2.100024
5.841990 -1.255120
5.396250 -0.423319
5.882066 0.403639
5.442464 1.239084
5.943854 2.099360
6.771771 -2.113162
6.791337 -1.279744
6.338450 -0.435617
6.812267 0.406918
6.364799 1.250464
6.842270 2.114337
7.562751 -2.126347
7.737411 -1.275632
7.269418 -0.438621
7.736074 0.413754
7.282374 1.262305
7.744545 2.129378
8.392071 -2.140172
8.673401 -1.278875
8.200575 -0.430969
8.658634 0.424762
8.197408 1.275053
8.649574 2.144464
9.246665 -2.154417
9.597086 -1.287512
9.125933 -0.427613
9.577873 0.432499
9.112293 1.288510
9.556683 2.159585
10.117279 -2.168930
10.511527 -1.297799
10.044760 -0.428474
10.493205 0.437380
10.025829 1.299925
10.464180 2.174713
10.997736 -2.183607
11.419698 -1.308357
10.958221 -0.431263
11.404822 0.440995
10.937075 1.310107
11.371065 2.189831
11.884216 -2.198385
12.323719 -1.318737
11.867409 -0.434757
12.313190 0.444033
11.845881 1.319678
12.276862 2.204930
12.774381 -2.213224
13.225005 -1.328859
12.773250 -0.438478
13.218820 0.446797
12.752395 1.328906
13.181373 2.220008
13.666802 -2.228100
14.124474 -1.338736
13.676492 -0.442230
14.122185 0.449446
13.656857 1.337937
14.084559 2.235064
14.560589 -2.242999
15.022707 -1.348403
14.577725 -0.445918
15.023699 0.452069
14.559535 1.346863
14.986475 2.250099
15.455178 -2.257912
15.920065 -1.357896
15.477401 -0.449504
15.923709 0.454715
15.460688 1.355737
15.887224 2.265114
16.350202 -2.272832
16.816768 -1.367250
16.375863 -0.452979
16.822499 0.457408
16.360554 1.364595
16.786929 2.280112
17.245412 -2.287755
17.712944 -1.376494
17.273366 -0.456347
17.720293 0.460154
17.259337 1.373453
17.685710 2.295094
18.140634 -2.302678
18.608663 -1.385651
18.170088 -0.459619
18.617258 0.462955
18.157205 1.382324
18.583676 2.310063
19.035734 -2.317599
19.503947 -1.394739
19.066152 -0.462810
19.513514 0.465806
19.054290 1.391210
19.480918 2.325020
19.930603 -2.332516
20.398792 -1.403773
19.961629 -0.465933
20.409141 0.468701
19.950688 1.400113
20.377500 2.339966
20.825143 -2.347428
21.293170 -1.412765
20.856556 -0.468999
21.304182 0.471633
20.846464 1.409031
21.273465 2.354901
21.719265 -2.362333
22.187036 -1.421722
21.750936 -0.472021
22.198649 0.474595
21.741649 1.417962
22.168830 2.369827
22.612879 -2.377229
23.080335 -1.430650
22.644753 -0.475007
23.092536 0.477580
22.636254 1.426902
23.063594 2.384742
23.505896 -2.392115
23.973003 -1.439555
23.537973 -0.477965
23.985818 0.480581
23.530266 1.435848
23.957736 2.399647
24.398228 -2.406990
24.864974 -1.448439
24.430555 -0.480901
24.878463 0.483593
24.423660 1.444796
24.851218 2.414542
25.289788 -2.421852
25.756186 -1.457301
25.322455 -0.483819
25.770438 0.486609
25.316399 1.453740
25.743991 2.429424
26.180487 -2.436700
26.646582 -1.466140
26.213641 -0.486722
26.661720 0.489622
26.208440 1.462674
26.635989 2.444293
27.070233 -2.451532
27.536121 -1.474951
27.104097 -0.489612
27.552302 0.492622
27.099739 1.471589
27.527126 2.459148
27.958927 -2.466346
28.424783 -1.483725
27.993844 -0.492490
28.442209 0.495591
27.990248 1.480471
28.417281 2.473987
28.846450 -2.481141
29.312585 -1.492450
28.882964 -0.495363
29.331512 0.498496
28.879911 1.489295
29.306268 2.488806
29.732637 -2.495914
30.199604 -1.501109
29.771639 -0.498245
30.220344 0.501272
29.768651 1.498017
30.193786 2.503601
30.617227 -2.510659
31.086001 -1.509666
30.660214 -0.501171
31.108925 0.503830
30.656328 1.506565
31.079343 2.518363
31.499753 -2.525371
31.972016 -1.517923
31.549301 -0.504110
31.997611 0.506126
31.542701 1.514850
31.962143 2.533079
32.379274 -2.540032
32.857947 -1.526426
32.439967 -0.507047
32.886916 0.507578
32.427360 1.522785
32.840953 2.547728
33.254295 -2.554619
33.745095 -1.536191
33.333943 -0.512722
33.776975 0.500849
33.309418 1.528930
33.713419 2.562272
34.122295 -2.569088
34.635752 -1.549474
34.236517 -0.524626
34.669798 0.498684
34.184701 1.524708
34.573518 2.576610
34.979015 -2.583369
35.507846 -1.456396
35.150133 -0.500575
35.532314 0.685612
35.049603 1.585902
35.443025 2.591104
35.809438 -2.597212
36.278914 -1.804218
35.996566 -0.140292
36.493106 0.796229
35.976752 1.659954
36.322734 2.605769
36.764957 -2.613141
37.192765 -1.705297
36.478346 -0.910768
37.006676 -0.027373
36.955153 1.707186
37.183302 2.620114
37.669874 -2.628225
38.117101 -1.721673
37.533405 -0.838010
38.019467 0.031376
37.494165 0.871215
37.984846 2.633476
38.580334 -2.643403
39.048717 -1.736452
38.531341 -0.835514
38.501304 0.905285
37.973661 1.757464
38.777401 2.646688
43.844471 -2.731154
39.492250 -2.658604
39.507081 -0.849057
39.013880 0.036566
39.506036 0.897404
39.002715 1.757952
39.627416 2.660857
40.402310 -2.673774
39.984950 -1.753809
40.473941 -0.867200
40.000158 0.021811
40.494340 0.891696
40.000791 1.763764
40.504674 2.675481
41.303749 -2.688801
40.924585 -1.769528
41.433551 -0.879432
40.975665 0.011215
41.468668 0.892593
40.975009 1.772206
41.381115 2.690091
42.186630 -2.703519
41.864754 -1.781523
42.385876 -0.887373
41.941464 0.008175
42.433666 0.900734
41.937878 1.782768
42.237064 2.704359
43.038975 -2.717727
42.805546 -1.794214
43.330137 -0.900751
42.897605 0.008606
43.389097 0.914848
42.900724 1.800565
43.052858 2.717958
44.616333 -2.744021
43.752357 -1.816359
44.265064 -0.915818
43.840111 0.003176
44.327980 0.916402
43.869903 1.827174
43.822934 2.730795
45.404488 -2.757159
44.705942 -1.831009
45.188406 -0.902916
44.774451 0.003662
45.264031 0.917343
44.821641 1.822032
44.600838 2.743763
46.222719 -2.770799
45.629043 -1.807186
46.101760 -0.863613
45.713739 0.023544
46.199751 0.934422
45.752697 1.831149
45.424571 2.757494
47.080652 -2.785101
46.501487 -1.874176
46.930342 -1.048567
46.666230 0.057328
47.124673 1.021713
46.673978 1.869651
46.272362 2.771627
47.976818 -2.800040
47.432388 -1.935483
47.925657 -1.172299
47.430232 -0.368868
47.738644 0.409554
47.624539 1.916680
47.140581 2.786100
51.371309 2.856625
48.900010 -2.815429
48.413265 -1.982434
48.894322 -1.165589
48.388537 -0.350636
48.768318 0.457038
48.178875 1.198649
48.657706 1.987850
48.021970 2.800792
49.817500 -2.830723
49.379832 -1.985205
49.860295 -1.167856
49.351567 -0.344663
49.776630 0.455700
49.221298 1.242141
49.704486 2.020008
48.898999 2.815412
50.726504 -2.845876
50.341187 -1.996768
50.830007 -1.185604
50.325127 -0.358613
50.776886 0.435551
50.242175 1.238467
50.729261 2.016855
49.710186 2.828934
51.619269 -2.860758
51.309646 -2.012871
51.807603 -1.211671
51.305073 -0.384869
51.770152 0.408973
51.250230 1.221487
51.727521 2.021051
50.510808 2.842281
52.481133 -2.875125
52.292942 -2.034463
52.792211 -1.243625
52.287971 -0.415057
52.751735 0.391516
52.239547 1.210756
52.701432 2.029171
52.258796 2.871419
53.290583 -2.888619
53.292362 -2.068647
53.770919 -1.259754
53.265170 -0.433756
53.723576 0.384727
53.214159 1.208295
53.660088 2.039053
53.153511 2.886334
54.096095 -2.902046
54.292563 -2.070457
54.751408 -1.261228
54.238741 -0.440838
54.687605 0.387510
54.179836 1.213061
54.610959 2.051211
54.044067 2.901179
54.960434 -2.916455
55.285504 -2.082764
55.720684 -1.267964
55.211117 -0.437427
55.644105 0.398172
55.141543 1.224687
55.558755 2.067231
54.922717 2.915826
55.863070 -2.931501
56.272862 -2.101498
56.673096 -1.281214
56.177068 -0.436788
56.584857 0.409266
56.103186 1.243985
56.504215 2.092682
55.782855 2.930164
56.789435 -2.946944
57.265540 -2.124729
57.596362 -1.292781
57.136749 -0.436433
57.499410 0.428738
57.064015 1.271032
57.441711 2.119019
56.620241 2.944123
57.729773 -2.962619
58.273301 -2.108334
58.464969 -1.210600
58.092368 -0.404809
58.405893 0.389755
58.035103 1.259619
58.335732 2.110092
57.429019 2.957605
58.650992 -2.977975
59.254678 -2.535079
59.207501 -1.577425
59.113220 -0.535262
59.179494 0.354585
59.011389 1.251405
59.155173 2.125107
58.254333 2.971363
60.000000 -3.000000
60.000000 -1.981032
60.000000 0.798758
60.000000 -0.977728
60.000000 1.518814
60.000000 2.276456
60.057091 3.000000
59.110971 2.985643
*ELEMENT
num-elem: 733
num-elem-node: 3
elem-conn:
8 1 7
26 21 14
9 11 2
16 9 10
11 9 16
26 14 19
13 8 7
13 19 14
12 13 7
19 13 12
15 16 10
10 6 15
15 14 21
20 13 14
14 15 20
20 15 6
8 13 20
20 6 8
322 316 315
209 208 214
214 208 207
202 195 201
207 208 201
201 208 202
201 206 207
201 195 200
200 206 201
199 206 200
205 206 199
194 195 189
200 195 194
233 232 238
322 321 329
308 315 309
309 315 316
314 321 322
322 315 314
220 219 226
181 180 186
193 199 200
200 194 193
193 198 199
203 208 209
202 208 203
416 424 417
417 409 416
415 424 416
431 438 440
5 432 440
440 432 431
441 442 435
405 413 406
406 413 414
405 406 398
398 406 399
391 398 399
408 409 401
416 409 408
387 386 394
387 388 379
379 386 387
226 232 227
232 233 227
268 263 257
239 233 238
289 290 283
296 290 289
303 310 304
303 296 295
381 382 373
389 382 381
373 382 374
335 344 336
323 316 322
322 329 323
321 314 320
321 320 327
334 326 333
334 327 326
379 388 380
380 371 379
343 344 335
307 315 308
307 314 315
223 222 228
225 232 226
226 219 225
267 275 268
274 275 267
258 264 259
254 255 248
199 198 204
210 205 204
205 199 204
198 193 192
188 194 189
26 19 25
19 12 18
18 25 19
60 55 54
55 49 54
37 31 30
11 16 17
122 115 121
5 439 433
433 432 5
424 415 423
431 432 423
423 432 424
3 438 430
430 429 3
430 438 431
414 413 421
399 406 407
407 415 416
414 415 407
407 406 414
416 408 407
407 408 399
405 398 397
391 392 383
383 392 384
398 391 390
389 397 390
390 397 398
391 383 390
390 382 389
390 383 382
400 408 401
400 392 391
400 391 399
399 408 400
401 393 400
393 392 400
401 409 410
394 386 385
385 393 394
384 392 385
385 392 393
388 387 396
221 220 226
226 227 221
268 257 256
256 257 251
269 263 268
268 275 269
276 269 275
297 290 296
297 303 304
296 303 297
295 296 288
296 289 288
302 309 310
310 303 302
302 303 295
308 309 302
295 301 302
302 301 308
317 318 310
317 309 316
310 309 317
304 310 311
310 318 311
384 385 377
377 385 386
370 371 363
375 374 382
375 383 384
382 383 375
337 336 344
329 336 337
319 320 312
319 327 320
326 327 319
327 334 328
321 327 328
335 336 328
328 334 335
328 329 321
328 336 329
371 380 340
372 363 340
363 371 340
350 341 349
277 278 271
278 277 285
306 307 300
300 299 306
293 299 300
300 301 293
300 307 308
308 301 300
313 307 306
313 320 314
314 307 313
306 270 313
270 305 313
312 320 313
313 305 312
298 270 306
306 299 298
298 299 291
293 301 294
294 288 287
294 301 295
295 288 294
217 222 223
217 216 222
212 206 205
207 206 212
224 217 223
218 217 224
224 225 219
219 218 224
213 218 219
219 220 213
207 212 213
213 212 218
213 214 207
213 220 214
244 239 238
238 237 244
237 243 244
248 243 242
242 243 237
240 235 234
272 280 273
274 267 273
273 280 274
265 278 272
271 278 265
265 264 271
265 259 264
255 254 260
181 188 182
187 188 181
187 192 193
187 193 194
194 188 187
187 181 186
186 192 187
102 97 96
61 55 60
61 62 55
60 66 61
43 42 49
49 50 43
50 44 43
43 44 37
56 49 55
56 50 49
55 62 56
49 42 48
48 54 49
37 30 36
36 43 37
42 43 36
31 25 24
24 30 31
25 18 24
27 21 26
27 28 21
22 17 16
22 15 21
16 15 22
21 28 22
82 77 76
179 184 185
202 203 197
190 185 184
191 185 190
126 121 120
120 121 115
133 132 138
139 144 145
133 138 139
139 138 144
145 144 150
151 145 150
150 156 151
424 432 425
432 433 425
425 417 424
426 417 425
441 435 434
434 439 441
434 433 439
434 427 426
435 427 434
426 425 434
434 425 433
414 421 422
422 421 429
422 415 414
422 423 415
429 430 422
431 423 422
422 430 431
426 427 419
428 419 436
436 419 427
402 393 401
401 410 402
394 393 402
420 412 411
420 419 428
411 419 420
209 214 215
214 220 215
220 221 215
248 255 249
249 243 248
282 289 283
283 276 282
282 275 274
282 276 275
348 339 338
338 347 348
348 347 356
318 317 325
371 370 378
379 371 378
378 386 379
378 377 386
373 374 365
374 366 365
367 366 374
374 375 367
367 368 359
359 366 367
330 323 329
329 337 330
358 350 349
358 366 359
342 350 343
342 343 335
333 341 342
341 350 342
335 334 342
342 334 333
344 343 352
359 368 360
353 352 360
345 337 344
344 352 345
345 352 353
355 363 372
372 364 355
355 364 356
356 347 355
362 370 363
363 355 362
291 299 292
292 299 293
284 285 277
291 292 284
284 292 285
279 280 272
287 280 279
272 278 279
278 285 279
287 288 281
281 280 287
274 280 281
281 282 274
281 288 289
289 282 281
216 217 211
211 205 210
210 216 211
211 212 205
211 217 218
218 212 211
225 224 230
230 224 223
239 244 245
252 247 246
241 247 254
241 254 248
248 242 241
241 242 235
241 246 247
241 235 240
240 246 241
254 247 253
253 260 254
259 260 253
253 247 252
253 252 258
258 259 253
255 260 261
261 273 267
162 168 163
163 168 169
176 169 175
181 182 175
175 182 176
180 181 175
189 190 183
183 190 184
183 188 189
183 182 188
176 182 177
177 171 176
182 183 177
177 183 184
107 112 113
106 112 107
105 110 111
111 112 105
105 112 106
103 102 108
97 102 103
116 115 122
111 110 116
133 134 127
127 132 133
127 126 132
127 121 126
67 66 72
67 61 66
57 56 62
32 27 26
26 25 32
32 25 31
23 22 28
17 22 23
45 44 50
196 197 191
191 190 196
202 197 196
196 190 189
189 195 196
196 195 202
114 120 115
149 154 155
411 410 418
418 419 411
409 417 418
418 410 409
418 417 426
426 419 418
444 427 435
444 436 427
444 442 443
444 435 442
394 402 395
395 387 394
404 396 395
395 396 387
411 412 403
403 410 411
403 402 410
403 395 402
403 412 404
404 395 403
250 249 256
250 256 251
250 244 243
243 249 250
251 245 250
250 245 244
324 325 317
316 323 324
324 317 316
332 325 324
369 378 370
377 378 369
376 367 375
384 377 376
376 375 384
377 369 376
368 367 376
376 369 368
357 358 349
357 365 366
366 358 357
351 352 343
351 360 352
343 350 351
350 358 351
351 358 359
359 360 351
337 345 346
346 347 338
338 330 346
346 330 337
354 345 353
353 362 354
354 362 355
354 355 347
347 346 354
354 346 345
370 362 361
361 360 368
353 360 361
361 362 353
368 369 361
361 369 370
287 279 286
293 294 286
286 294 287
286 292 293
285 292 286
286 279 285
236 242 237
235 242 236
225 230 231
231 237 238
231 236 237
230 236 231
238 232 231
232 225 231
229 230 223
229 234 235
235 236 229
229 236 230
223 228 229
228 234 229
256 249 262
268 256 262
262 249 255
255 261 262
262 267 268
262 261 267
266 261 260
266 260 259
272 273 266
273 261 266
266 265 272
259 265 266
169 168 174
180 175 174
174 175 169
162 163 157
157 156 162
151 156 157
157 158 151
170 169 176
170 163 169
176 171 170
84 90 85
84 79 78
85 79 84
85 90 91
91 97 98
96 97 91
91 90 96
98 92 91
91 92 85
86 79 85
85 92 86
99 105 106
110 105 104
98 97 104
104 99 98
105 99 104
97 103 104
104 103 110
115 116 109
109 116 110
110 103 109
109 114 115
109 103 108
108 114 109
134 129 128
128 127 134
122 121 128
121 127 128
117 116 122
111 116 117
130 129 136
136 131 130
130 131 125
137 131 136
70 69 76
70 65 64
64 65 59
73 67 72
73 72 78
78 79 73
62 61 68
61 67 68
64 57 63
63 70 64
69 70 63
63 57 62
62 68 63
63 68 69
58 57 64
58 59 53
64 59 58
27 32 33
29 23 28
50 56 51
51 45 50
56 57 51
57 58 51
106 107 101
172 173 167
167 166 172
155 154 160
160 159 166
140 134 133
133 139 140
143 137 142
142 137 136
135 129 134
134 140 135
135 140 141
141 142 135
136 129 135
135 142 136
332 324 331
338 339 331
339 332 331
331 330 338
323 330 331
331 324 323
81 86 87
87 86 92
129 130 123
123 117 122
122 128 123
123 128 129
125 119 124
124 130 125
117 123 124
124 123 130
65 70 71
76 77 71
71 70 76
81 82 75
75 82 76
76 69 75
67 73 74
74 68 67
69 68 74
74 75 69
28 27 34
27 33 34
34 29 28
35 29 34
44 45 39
38 33 32
38 31 37
38 32 31
37 44 38
44 39 38
38 39 33
45 51 52
52 51 58
53 47 52
52 58 53
77 82 83
165 170 171
171 172 165
166 159 165
165 172 166
178 172 171
178 177 184
171 177 178
178 184 179
179 173 178
173 172 178
155 160 161
161 166 167
161 160 166
146 139 145
146 140 139
141 140 146
146 147 141
148 149 143
143 142 148
154 149 148
148 142 141
148 147 154
141 147 148
158 159 153
159 160 153
153 160 154
154 147 153
93 87 92
93 92 98
98 99 93
95 89 94
87 93 94
118 124 119
113 112 118
118 119 113
118 112 111
111 117 118
117 124 118
80 74 73
79 86 80
80 73 79
80 86 81
81 75 80
75 74 80
46 39 45
45 52 46
47 41 46
46 52 47
40 34 33
33 39 40
35 34 40
39 46 40
40 41 35
40 46 41
170 165 164
164 165 159
164 159 158
163 170 164
158 157 164
164 157 163
147 146 152
158 153 152
152 153 147
151 158 152
152 145 151
152 146 145
88 94 89
88 83 82
89 83 88
88 82 81
81 87 88
87 94 88
100 101 95
95 94 100
106 101 100
100 94 93
100 99 106
100 93 99
*BOUNDARY
num-prescribed-disp: 0
node#-dof#-disp:
num-prescribed-load: 0
elem#-face#-trac:
